Freehand;49;107;49;108;49;109;49;110;49;110;49;111;49;112;49;113;49;114;49;114;49;115;49;116;49;117;49;118;49;118;49;119;49;120;49;121;49;122;49;122;49;123;49;124;49;125;49;126;49;127;49;128;49;129;49;130;49;131;49;132;49;133;50;134;50;134;50;135;50;136;50;137;50;138;50;139;50;140;50;141;50;142;50;143;50;144;51;145;51;146;51;146;51;147;52;147;52;149;52;150;53;150;53;150;54;151;54;152;54;153;55;154;55;154;55;155;56;156;57;157;57;158;57;158;57;159;57;160;57;161;57;162;57;162;58;163;58;164;58;165;58;166;58;167;58;168;59;168;60;169;61;170;62;170;62;170;62;170;63;172;63;173;64;173;66;174;66;174;66;175;66;176;66;177;66;178;66;178;66;179;66;180;66;182;67;182;68;186;68;188;68;190;68;192;68;194;68;195;68;196;68;198;68;199;68;201;68;202;68;202;68;206;68;207;69;210;69;214;69;220;69;228;67;238;66;246;66;251;65;257;63;260;62;263;62;265;62;266;62;267;62;270;62;270;62;271;62;272;62;273;62;274;62;274;62;275;61;276;61;277;61;278;60;278;59;278;58;278;57;278;56;278;55;278;54;278;54;278;53;279;52;279;51;279;50;281;50;281;49;281;48;281;48;282;47;282;46;282;46;282;45;282;44;282;44;283;43;284;42;284;42;285;42;285;41;285;41;286;40;287;40;288;40;289;39;289;39;290;38;290;38;291;38;292;38;293;38;294;38;294;38;295;38;296;38;297;38;298;38;298;38;299;39;299;39;300;40;300;42;301;42;302;43;302;44;302;45;302;46;303;47;305;50;306;58;307;66;310;73;313;82;317;89;320;94;322;100;326;104;328;108;330;110;331;111;332;114;334;114;334;115;335;116;335;116;336;117;337;118;338;118;338;119;338;120;340;120;341;120;342;120;342;120;343;120;344;120;346;120;347;120;348;120;350;120;350;120;353;120;355;120;358;118;362;118;366;117;370;116;372;115;374;114;378;114;380;114;381;113;383;113;384;112;386;110;387;110;388;110;390;110;391;109;391;108;392;108;393;107;394;107;394;106;396;106;397;105;398;104;399;103;400;102;402;102;404;101;406;97;411;94;416;91;422;88;428;82;438;78;447;73;458;68;474;63;491;59;507;57;520;56;534;54;545;54;554;54;561;54;565;54;568;54;570;54;571;54;573;-16777216
Freehand;74;106;74;107;74;108;74;109;74;110;74;111;75;114;76;117;76;119;76;122;76;123;76;125;76;126;76;128;76;129;76;130;76;132;76;133;76;134;77;136;77;138;77;139;77;141;77;142;78;142;78;143;78;143;79;144;79;145;80;146;81;146;82;147;82;148;82;148;83;149;83;150;84;150;86;150;86;151;86;152;86;153;87;154;88;154;88;156;88;157;89;157;89;158;90;159;90;160;90;161;90;162;90;162;90;164;90;166;90;166;90;168;91;169;91;170;91;170;91;172;92;173;92;174;93;174;93;176;94;178;94;179;94;180;94;181;94;182;95;182;96;184;96;185;96;186;96;186;98;186;98;188;98;189;98;190;99;190;99;191;100;191;101;192;101;193;102;194;102;194;103;196;104;196;105;197;105;198;106;198;106;198;107;199;107;200;108;200;109;202;110;203;110;204;111;206;112;209;113;211;114;213;114;216;116;218;118;222;119;226;120;229;121;234;122;237;122;240;123;244;124;247;126;250;126;253;127;254;127;256;127;258;127;259;127;261;127;262;127;265;127;266;127;267;-65536
Freehand;136;101;135;101;134;102;134;104;134;105;133;107;133;109;133;110;132;110;132;112;131;114;131;115;131;117;130;117;130;118;130;118;130;120;130;121;130;122;130;122;130;123;130;124;130;125;130;126;130;126;130;127;130;128;130;129;130;130;130;130;130;132;130;133;130;134;130;134;130;135;130;137;130;139;130;140;130;142;130;142;130;143;130;144;130;145;130;146;130;146;131;147;131;148;132;149;132;150;132;151;132;153;133;153;133;154;134;154;134;157;134;158;134;158;134;160;134;161;135;163;135;165;136;166;136;167;137;170;137;170;138;172;138;174;138;174;138;177;139;178;139;179;139;181;139;183;139;184;139;186;139;187;139;188;140;190;140;191;142;194;142;195;142;198;142;200;142;202;142;204;142;205;142;206;142;207;142;209;141;211;141;212;141;214;140;214;140;215;139;216;138;217;138;218;-16711936
Freehand;225;117;223;117;219;117;214;117;208;118;204;118;198;118;194;119;189;119;185;119;180;120;176;120;172;121;167;122;163;122;159;122;154;123;150;124;145;126;140;127;134;128;131;129;126;130;122;130;118;131;116;132;112;133;110;133;106;134;104;135;102;136;99;136;96;137;95;138;93;138;91;138;88;138;87;139;85;140;82;141;81;142;80;143;78;144;77;145;75;145;74;146;72;146;70;147;69;148;68;150;66;151;65;152;65;153;64;154;62;154;61;157;61;158;60;158;59;158;58;159;-16776961
Freehand;212;185;210;185;209;185;208;185;205;184;203;184;201;183;200;183;197;182;194;182;193;182;190;181;187;181;185;180;182;178;180;178;178;178;174;178;174;178;171;178;168;177;166;177;165;177;162;177;159;177;157;177;153;177;150;177;146;177;143;177;141;177;138;177;134;177;132;177;130;177;126;177;123;177;121;178;118;178;115;179;113;180;110;181;106;181;104;182;102;182;97;183;94;184;90;185;86;186;82;186;79;187;74;189;71;190;69;191;65;194;62;194;60;196;58;197;55;198;53;199;50;200;49;200;47;202;46;202;43;203;42;204;41;205;39;206;38;206;37;206;36;207;35;207;34;209;34;209;33;209;33;210;32;210;-256
Line;108;80;234;238;-256;false;false
Line;81;112;190;266;-16776961;false;false
Line;87;106;130;349;-16711936;false;false
Line;166;130;46;246;-65536;false;false
Line;163;82;178;303;-16777216;false;false
Oval;69;118;203;71;-16777216;false;false
Oval;149;120;135;48;-65536;false;false
Oval;213;111;127;60;-16711936;false;false
Oval;198;123;188;52;-16776961;false;false
Oval;194;99;255;123;-256;false;false
Oval;98;75;246;145;-256;true;false
Oval;203;169;209;87;-65536;true;true
Oval;134;92;156;120;-65536;false;true
Rectangle;168;60;227;79;-65536;false;true
Rectangle;360;62;86;57;-65536;true;true
Rectangle;420;95;101;87;-65536;true;true
Rectangle;434;46;9;0;-65536;true;true
Rectangle;356;95;114;71;-16777216;true;true
Rectangle;417;86;97;76;-16711936;true;true
Rectangle;314;91;87;40;-16711936;true;false
Eraser;197;91;197;98;197;98;207;108;208;108;209;108;211;108;213;108;215;108;217;108;218;108;221;108;221;108;223;108;224;108;225;108;227;108;229;108;229;108;230;108;232;108;233;108;234;108;235;108;236;108;237;108;240;108;241;108;243;108;245;108;245;108;247;108;249;108;250;108;253;108;254;108;255;108;256;108;257;108;258;108;260;108;261;108;262;108;264;108;265;108;267;108;268;108;269;108;270;108;272;108;273;108;275;108;276;108;277;108;279;108;281;108;282;108;283;108;285;108;287;108;288;108;289;108;290;108;292;108;293;108;294;108;296;108;298;108;299;108;300;108;301;108;303;108;305;108;307;108;308;108;309;108;311;108;313;108;313;108;314;108;315;109;317;109;317;109;319;110;320;111;321;112;321;113;323;113;325;114;325;115;325;116;326;116;327;117;328;117;329;118;330;119;332;121;333;121;333;122;335;124;336;125;337;126;337;127;337;128;338;129;339;129;339;130;340;131;341;133;342;134;343;135;344;136;344;137;345;139;345;140;345;141;346;142;346;143;348;145;348;146;349;147;349;149;349;149;349;150;349;152;350;153;351;155;351;157;352;159;352;161;352;161;352;162;353;164;353;166;353;167;353;169;354;170;354;172;354;173;354;174;354;176;354;177;354;179;354;181;354;181;354;183;354;184;354;185;354;186;354;187;354;189;354;189;354;190;354;193;354;193;354;195;354;197;353;198;353;199;353;201;353;201;352;203;351;204;350;205;350;206;349;208;349;208;347;209;347;210;346;212;345;213;345;213;345;213;344;215;343;215;343;216;341;217;341;217;341;218;340;219;338;220;337;221;334;221;333;222;332;224;330;225;328;225;327;225;325;225;325;225;324;225;323;225;321;226;320;226;319;226;318;226;317;226;315;226;313;227;312;227;311;227;308;227;305;227;304;227;301;227;297;227;295;227;291;227;288;226;284;225;281;225;277;224;274;221;272;221;269;220;267;218;265;217;261;216;259;213;257;212;256;211;253;210;252;209;250;207;249;205;247;204;245;202;243;201;241;199;239;197;238;196;237;194;236;193;235;191;234;189;233;188;233;188;232;185;232;184;232;183;232;181;232;181;232;179;232;177;232;176;232;175;232;174;232;173;232;172;232;171;233;170;233;170;233;169;234;169;235;169;236;168;236;166;237;166;237;166;238;166;239;165;240;165;241;165;242;164;243;164;245;164;245;164;247;164;248;164;249;164;250;164;251;164;252;165;252;165;253;165;253;167;254;168;255;168;257;169;257;169;257;170;258;170;259;171;259;173;260;173;261;175;261;177;262;177;264;179;265;181;265;183;265;184;265;185;265;185;265;188;265;189;265;189;265;190;265;192;265;194;265;196;265;197;265;197;265;200;265;201;265;201;265;202;265;204;265;205;265;206;265;207;263;208;262;209;262;209;261;210;261;211;261;212;260;213;259;213;258;213;258;214;257;215;256;215;256;216;255;217;254;217;253;218;253;219;253;220;251;220;249;221;247;221;245;221;242;221;240;221;236;221;232;221;228;221;223;221;217;221;213;220;208;217;205;217;198;214;195;213;191;210;188;209;185;207;182;205;180;204;177;202;175;201;173;197;170;195;167;193;165;189;162;186;158;184;157;181;155;178;154;176;151;173;150;170;149;169;148;165;147;163;146;161;145;157;144;157;143;154;143;153;143;150;143;149;143;146;143;144;143;141;143;139;143;136;144;134;145;133;146;131;147;129;147;128;148;126;149;125;149;122;150;121;150;121;152;120;153;118;154;117;156;115;157;113;162;111;165;109;169;106;172;105;175;103;178;102;183;101;185;101;189;99;193;98;197;97;201;97;205;96;211;95;215;95;219;95;223;95;229;95;237;95;243;95;248;95;254;95;260;96;267;96;275;97;281;98;287;98;295;99;302;101;309;102;317;102;325;103;335;104;345;104;351;105;361;105;371;106;381;107;390;107;401;108;410;108;421;109;429;109;438;109;444;111;450;111;456;111;459;111;462;112;465;112;466;112;468;112;469;113;469;113;472;113;473;113;473;113;474;113;475;113;476;113;477;114;477;114;478;114;478;115;478;116;479;116;479;117;480;117;480;118;480;119;480;120;480;121;480;121;480;122;480;123;480;124;480;125;480;125;480;126;480;127;480;128;480;129;480;129;480;130;480;131;479;132;479;133;477;133;474;136;472;137;466;140;463;143;457;147;453;149;444;152;434;156;425;158;414;161;403;164;387;169;373;172;361;175;345;179;332;182;321;185;307;186;297;190;285;192;274;194;265;197;256;198;245;201;235;204;225;206;217;208;208;211;199;213;192;215;186;217;180;218;174;219;169;221;167;221;163;222;161;223;158;223;157;224;155;224;154;224;153;224;150;224;149;224;148;224;147;224;145;224;145;224;144;224;143;224;142;224;141;224;141;224;142;224;146;222;153;218;161;215;169;211;179;207;190;202;199;197;209;193;221;187;230;184;240;181;250;176;260;174;268;172;275;170;282;168;289;165;294;164;301;162;309;161;314;159;321;158;329;155;334;153;342;152;350;150;359;148;366;145;376;143;384;141;393;138;401;137;406;134;412;133;416;133;421;132;421;132;423;132;425;132;426;132;428;132;429;132;429;132;430;132;431;132;432;132;433;132;432;132;430;132;428;133;422;135;416;137;406;139;397;141;385;144;376;147;365;149;354;151;345;153;336;157;326;158;321;160;313;161;306;162;301;164;292;165;285;165;280;167;271;169;263;170;255;172;248;173;240;174;231;177;223;180;215;181;208;183;201;184;194;185;189;185;182;188;178;189;174;189;172;190;169;191;167;191;166;192;165;192;164;192;161;192;160;192;159;192;157;192;157;192;156;192;155;193;154;193;153;193;153;194;154;194;157;194;162;194;169;193;177;193;187;191;197;190;206;189;214;188;224;187;233;185;241;183;251;182;259;181;266;179;273;178;280;177;285;176;291;175;296;173;301;173;305;173;311;171;314;171;319;171;322;170;326;170;329;170;333;170;337;170;341;170;342;170;345;170;349;170;350;170;352;170;354;170;357;170;357;170;359;170;361;170;362;170;363;170;364;170;365;170;365;170;367;170;368;170;369;170;369;170;367;170;365;170;361;170;353;170;347;170;340;170;331;170;323;170;315;170;307;170;301;170;293;170;286;170;281;170;276;170;270;170;266;170;261;170;255;170;249;170;245;170;237;170;232;170;226;171;221;172;217;172;212;174;209;174;206;174;204;175;202;175;199;175;197;175;197;175;195;175;192;175;191;175;189;175;188;175;187;176;185;176;183;176;181;176
